Random input matrix (of size 10): [
  [
          0,        0,
    4.24253, -9.06306,
          0,        0,
          0,  5.23088,
    6.86058, -0.90789
  ],
  [
    -7.32223,        0,
    -6.12315, -0.68619,
           0,        0,
           0, -1.05449,
           0,  1.63538
  ],
  [
     2.91393,        0,
    10.90349, -1.66946,
      2.3359,        0,
           0, 12.61777,
     7.27842,        0
  ],
  [
           0,        0,
    -1.18768,        0,
           0,  8.72263,
     5.90783,        0,
           0, -2.68813
  ],
  [
     3.16276,  10.7212,
           0, -2.52962,
     7.87232,        0,
           0,        0,
    12.78313,        0
  ],
  [
           0, -6.82854,
           0,        0,
    -0.93116,        0,
           0,        0,
     6.76933, -7.27744
  ],
  [
    -9.13999,  4.23718,
     0.37459,  9.89809,
       8.828,        0,
    -2.84993, 11.13247,
     7.44818,        0
  ],
  [
    -5.67275,       0,
    -6.17214,       0,
    12.53056,       0,
           0, 9.01606,
           0,   0.199
  ],
  [
           0, -5.46441,
    -7.71459,        0,
           0,        0,
    -3.49711, 12.27829,
     7.70777,  9.29821
  ],
  [
          0, -3.61127,
    7.17544, -8.70604,
    1.37324, -9.34622,
          0, -7.84834,
    3.32823, -7.93525
  ]
]
Random B vector: [
  38.81684, 31.50239,
   15.3752, 38.74558,
  14.16021, 32.25886,
         0, 25.72999,
  32.63388, 28.07273
]
Augmented matrix prior to inversion: [
  [
           0,       0, 4.24253,
    -9.06306,       0,       0,
           0, 5.23088, 6.86058,
    -0.90789,       1,       0,
           0,       0,       0,
           0,       0,       0,
           0,       0
  ],
  [
    -7.32223,        0, -6.12315,
    -0.68619,        0,        0,
           0, -1.05449,        0,
     1.63538,        0,        1,
           0,        0,        0,
           0,        0,        0,
           0,        0
  ],
  [
     2.91393,        0, 10.90349,
    -1.66946,   2.3359,        0,
           0, 12.61777,  7.27842,
           0,        0,        0,
           1,        0,        0,
           0,        0,        0,
           0,        0
  ],
  [
           0, 0, -1.18768,
           0, 0,  8.72263,
     5.90783, 0,        0,
    -2.68813, 0,        0,
           0, 1,        0,
           0, 0,        0,
           0, 0
  ],
  [
     3.16276, 10.7212,        0,
    -2.52962, 7.87232,        0,
           0,       0, 12.78313,
           0,       0,        0,
           0,       0,        1,
           0,       0,        0,
           0,       0
  ],
  [
           0, -6.82854,       0,
           0, -0.93116,       0,
           0,        0, 6.76933,
    -7.27744,        0,       0,
           0,        0,       0,
           1,        0,       0,
           0,        0
  ],
  [
    -9.13999,  4.23718, 0.37459,
     9.89809,    8.828,       0,
    -2.84993, 11.13247, 7.44818,
           0,        0,       0,
           0,        0,       0,
           0,        1,       0,
           0,        0
  ],
  [
    -5.67275,        0, -6.17214,
           0, 12.53056,        0,
           0,  9.01606,        0,
       0.199,        0,        0,
           0,        0,        0,
           0,        0,        1,
           0,        0
  ],
  [
           0, -5.46441, -7.71459,
           0,        0,        0,
    -3.49711, 12.27829,  7.70777,
     9.29821,        0,        0,
           0,        0,        0,
           0,        0,        0,
           1,        0
  ],
  [
           0, -3.61127,  7.17544,
    -8.70604,  1.37324, -9.34622,
           0, -7.84834,  3.32823,
    -7.93525,        0,        0,
           0,        0,        0,
           0,        0,        0,
           0,        1
  ]
]
Inverted matrix: [
  [
    -0.10917,  0.07026,
     0.12688, -0.09204,
     0.06251,  0.09841,
    -0.13327,  0.04768,
    -0.04688, -0.08591
  ],
  [
    -0.19429,  0.46973,
     0.36257, -0.25464,
     0.13429,  0.20473,
    -0.25893,  0.07166,
    -0.21907, -0.23766
  ],
  [
     0.23351, -0.45775,
      -0.331,  0.23137,
    -0.12069, -0.25333,
     0.28537, -0.10599,
     0.15834,  0.21599
  ],
  [
    -0.15176,  0.09367,
     0.10502, -0.02192,
     0.02573,  0.04889,
    -0.02515, -0.01215,
    -0.01657, -0.02047
  ],
  [
     0.24135, -0.56309,
    -0.43005,   0.2628,
    -0.10275, -0.26585,
     0.29893, -0.03267,
     0.20032,   0.2453
  ],
  [
     0.50578,  -0.8087,
    -0.67621,  0.35771,
    -0.18114, -0.31998,
     0.44628, -0.12312,
     0.24057,  0.22688
  ],
  [
    -0.62612,  0.91472,
     0.78097, -0.18927,
     0.19966,  0.27746,
    -0.48252,  0.10884,
    -0.21241, -0.17666
  ],
  [
    -0.24785,  0.52253,
     0.45825, -0.27072,
     0.10162,  0.26495,
    -0.30973,  0.11627,
     -0.2049, -0.25269
  ],
  [
      0.0113, -0.04606,
    -0.04986,  0.07017,
     0.01849, -0.02267,
     0.06108, -0.05419,
      0.0687,  0.06547
  ],
  [
     0.16199, -0.41155,
    -0.33163,  0.27052,
    -0.09565, -0.31656,
     0.26154, -0.11347,
     0.24384,  0.25252
  ]
]
X vector solution (inverted matrix multipled by B vector:)
 [
  -2.2946637743999996,
  -0.5068214274000002,
  -2.858301946400002,
  -1.6611480611999996,
  -2.2481215582999994,
  -4.215557364999996,
  11.8731923406,
  2.5938633139000036,
  3.1558750429,
  -0.7337916619000033
]
Matrix augmented with B vector: [
  [
           0,        0,
     4.24253, -9.06306,
           0,        0,
           0,  5.23088,
     6.86058, -0.90789,
    38.81684
  ],
  [
    -7.32223,        0,
    -6.12315, -0.68619,
           0,        0,
           0, -1.05449,
           0,  1.63538,
    31.50239
  ],
  [
     2.91393,        0,
    10.90349, -1.66946,
      2.3359,        0,
           0, 12.61777,
     7.27842,        0,
     15.3752
  ],
  [
           0,        0,
    -1.18768,        0,
           0,  8.72263,
     5.90783,        0,
           0, -2.68813,
    38.74558
  ],
  [
     3.16276,  10.7212,
           0, -2.52962,
     7.87232,        0,
           0,        0,
    12.78313,        0,
    14.16021
  ],
  [
           0, -6.82854,
           0,        0,
    -0.93116,        0,
           0,        0,
     6.76933, -7.27744,
    32.25886
  ],
  [
    -9.13999,  4.23718,
     0.37459,  9.89809,
       8.828,        0,
    -2.84993, 11.13247,
     7.44818,        0,
           0
  ],
  [
    -5.67275,       0,
    -6.17214,       0,
    12.53056,       0,
           0, 9.01606,
           0,   0.199,
    25.72999
  ],
  [
           0, -5.46441,
    -7.71459,        0,
           0,        0,
    -3.49711, 12.27829,
     7.70777,  9.29821,
    32.63388
  ],
  [
           0, -3.61127,
     7.17544, -8.70604,
     1.37324, -9.34622,
           0, -7.84834,
     3.32823, -7.93525,
    28.07273
  ]
]
Inverted matrix: [
  [ 1, 0, 0, 0, 0, 0, 0, 0, 0, 0, -2.29317 ],
  [ 0, 1, 0, 0, 0, 0, 0, 0, 0, 0, -0.50388 ],
  [ 0, 0, 1, 0, 0, 0, 0, 0, 0, 0, -2.86077 ],
  [ 0, 0, 0, 1, 0, 0, 0, 0, 0, 0, -1.66094 ],
  [ 0, 0, 0, 0, 1, 0, 0, 0, 0, 0, -2.2509 ],
  [ 0, 0, 0, 0, 0, 1, 0, 0, 0, 0, -4.22029 ],
  [ 0, 0, 0, 0, 0, 0, 1, 0, 0, 0, 11.87878 ],
  [ 0, 0, 0, 0, 0, 0, 0, 1, 0, 0, 2.59717 ],
  [ 0, 0, 0, 0, 0, 0, 0, 0, 1, 0, 3.15512 ],
  [ 0, 0, 0, 0, 0, 0, 0, 0, 0, 1, -0.73732 ]
]
X vector solution: [
  -2.29317, -0.50388,
  -2.86077, -1.66094,
   -2.2509, -4.22029,
  11.87878,  2.59717,
   3.15512, -0.73732
]
