Random input matrix (of size 5): [
  [ 9.0092, 0, -7.23917, 0, 1.27238 ],
  [ 6.62358, 8.41519, 0, 0, 4.3261 ],
  [ 8.6027, 12.6623, -6.1308, 0, 0 ],
  [ -0.58481, -2.75118, 3.87744, 0, 0 ],
  [ 0, 0, -8.64999, 3.85385, 0 ]
]
Random B vector: [ 3.50294, 9.67247, 6.17081, 12.29505, 6.90732 ]
Augmented matrix prior to inversion: [
  [ 9.0092, 0, -7.23917, 0, 1.27238, 1, 0, 0, 0, 0 ],
  [
    6.62358, 8.41519, 0,
          0,  4.3261, 0,
          1,       0, 0,
          0
  ],
  [
    8.6027, 12.6623, -6.1308,
         0,       0,       0,
         0,       1,       0,
         0
  ],
  [ -0.58481, -2.75118, 3.87744, 0, 0, 0, 0, 0, 1, 0 ],
  [ 0, 0, -8.64999, 3.85385, 0, 0, 0, 0, 0, 1 ]
]
Inverted matrix: [
  [ 0.07693, -0.02263, 0.07045, 0.25499, 0 ],
  [ -0.07106, 0.0209, 0.05524, -0.04531, 0 ],
  [ -0.03882, 0.01142, 0.04982, 0.26421, 0 ],
  [ -0.08712, 0.02562, 0.11182, 0.59301, 0.25948 ],
  [ 0.02044, 0.22514, -0.21531, -0.30226, 0 ]
]
X vector solution (inverted matrix multipled by B vector:)
 [
  3.6204415420999996,
  -0.26297746450000004,
  3.5303803913,
  9.7160515169,
  -2.7956789246999993
]
Matrix augmented with B vector: [
  [ 9.0092, 0, -7.23917, 0, 1.27238, 3.50294 ],
  [ 6.62358, 8.41519, 0, 0, 4.3261, 9.67247 ],
  [ 8.6027, 12.6623, -6.1308, 0, 0, 6.17081 ],
  [ -0.58481, -2.75118, 3.87744, 0, 0, 12.29505 ],
  [ 0, 0, -8.64999, 3.85385, 0, 6.90732 ]
]
Inverted matrix: [
  [ 1, 0, 0, 0, 0, 3.6204 ],
  [ 0, 1, 0, 0, 0, -0.263 ],
  [ 0, 0, 1, 0, 0, 3.53035 ],
  [ 0, 0, 0, 1, 0, 9.7162 ],
  [ 0, 0, 0, 0, 1, -2.79564 ]
]
X vector solution: [ 3.6204, -0.263, 3.53035, 9.7162, -2.79564 ]
